3 3
3 5
5 5
5 7
7 7
5 11
7 11
7 13
11 11
11 13
13 13
11 17
13 17
13 19
17 17
17 19
19 19
17 23
19 23
13 31
23 23
19 29
19 31
23 29
23 31
19 37
29 29
29 31
31 31
23 41
29 37
31 37
29 41
31 41
37 37
29 47
37 41
37 43
41 41
41 43
43 43
41 47
43 47
31 61
47 47
43 53
37 61
47 53
43 59
43 61
53 53
47 61
43 67
53 59
53 61
43 73
59 59
59 61
61 61
53 71
59 67
61 67
59 71
61 71
67 67
53 83
67 71
67 73
71 71
71 73
73 73
59 89
71 79
73 79
71 83
73 83
79 79
71 89
79 83
67 97
83 83
79 89
73 97
83 89
73 101
79 97
89 89
83 97
79 103
83 101
89 97
79 109
89 101
89 103
97 97
89 107
97 101
97 103
101 101
101 103
103 103
101 107
103 107
103 109
107 107
107 109
109 109
107 113
109 113
97 127
113 113
101 127
103 127
101 131
107 127
109 127
107 131
113 127
103 139
113 131
109 137
109 139
113 137
113 139
127 127
107 149
127 131
109 151
131 131
127 137
127 139
131 137
131 139
109 163
137 137
137 139
139 139
131 149
131 151
127 157
137 149
139 149
139 151
113 179
137 157
139 157
149 149
149 151
151 151
137 167
149 157
151 157
137 173
149 163
157 157
149 167
151 167
157 163
149 173
157 167
163 163
149 179
163 167
151 181
167 167
163 173
157 181
167 173
163 179
163 181
173 173
167 181
157 193
173 179
173 181
163 193
179 179
179 181
181 181
173 191
173 193
157 211
179 191
181 191
181 193
179 197
181 197
181 199
191 191
191 193
193 193
191 197
193 197
193 199
197 197
197 199
199 199
173 227
191 211
193 211
179 227
197 211
199 211
179 233
191 223
193 223
191 227
197 223
211 211
197 227
199 227
199 229
197 233
199 233
211 223
197 239
211 227
211 229
191 251
211 233
223 223
197 251
223 227
223 229
227 227
227 229
229 229
227 233
229 233
223 241
233 233
229 239
229 241
233 239
233 241
199 277
239 239
239 241
241 241
233 251
229 257
211 277
239 251
241 251
223 271
239 257
241 257
229 271
251 251
241 263
229 277
251 257
241 269
241 271
257 257
239 277
241 277
257 263
251 271
241 283
263 263
257 271
223 307
263 269
263 271
229 307
269 269
269 271
271 271
263 281
269 277
271 277
269 281
271 281
277 277
263 293
277 281
277 283
281 281
281 283
283 283
257 311
277 293
241 331
281 293
283 293
271 307
269 311
271 311
277 307
293 293
281 307
283 307
281 311
283 311
283 313
281 317
293 307
271 331
293 311
293 313
277 331
293 317
281 331
307 307
269 347
307 311
307 313
311 311
311 313
313 313
311 317
313 317
283 349
317 317
283 353
307 331
293 347
311 331
313 331
293 353
317 331
313 337
293 359
317 337
307 349
311 347
313 347
331 331
317 347
317 349
331 337
317 353
313 359
337 337
317 359
331 347
331 349
293 389
337 347
337 349
269 419
337 353
313 379
347 347
347 349
349 349
347 353
349 353
337 367
353 353
349 359
337 373
353 359
347 367
349 367
359 359
353 367
349 373
293 431
359 367
349 379
347 383
359 373
367 367
353 383
359 379
367 373
359 383
347 397
373 373
359 389
367 383
373 379
353 401
373 383
379 379
359 401
379 383
367 397
383 383
379 389
373 397
383 389
373 401
379 397
389 389
383 397
373 409
383 401
389 397
379 409
389 401
383 409
397 397
353 443
397 401
379 421
401 401
383 421
397 409
389 419
401 409
379 433
383 431
397 419
409 409
401 419
401 421
367 457
383 443
409 419
409 421
401 431
401 433
397 439
419 419
419 421
421 421
401 443
397 449
409 439
419 431
421 431
421 433
389 467
419 439
421 439
431 431
431 433
433 433
419 449
431 439
433 439
431 443
433 443
439 439
431 449
439 443
421 463
443 443
439 449
433 457
443 449
433 461
439 457
449 449
443 457
439 463
443 461
449 457
421 487
449 461
449 463
457 457
449 467
457 461
457 463
461 461
461 463
463 463
461 467
463 467
433 499
467 467
457 479
439 499
461 479
463 479
457 487
467 479
461 487
463 487
461 491
467 487
457 499
479 479
461 499
463 499
461 503
479 487
421 547
479 491
463 509
487 487
467 509
487 491
457 523
491 491
463 521
487 499
479 509
491 499
421 571
491 503
487 509
499 499
491 509
499 503
463 541
503 503
499 509
487 523
503 509
491 523
439 577
509 509
499 521
499 523
503 521
503 523
487 541
509 521
509 523
487 547
479 557
491 547
499 541
521 521
521 523
523 523
491 557
509 541
439 613
491 563
509 547
487 571
503 557
521 541
523 541
509 557
521 547
523 547
509 563
503 571
499 577
521 557
523 557
541 541
521 563
523 563
541 547
521 569
523 569
547 547
509 587
541 557
523 577
509 593
547 557
499 607
521 587
547 563
541 571
557 557
547 569
547 571
557 563
523 599
547 577
563 563
557 571
523 607
563 569
563 571
523 613
569 569
569 571
571 571
557 587
569 577
571 577
563 587
521 631
577 577
569 587
571 587
547 613
569 593
577 587
547 619
569 599
577 593
571 601
587 587
577 599
577 601
587 593
569 613
577 607
593 593
587 601
577 613
593 599
593 601
577 619
599 599
599 601
601 601
587 617
599 607
601 607
593 617
599 613
607 607
599 617
601 617
607 613
569 653
607 617
613 613
587 641
613 617
613 619
617 617
617 619
619 619
599 641
601 641
613 631
599 647
617 631
619 631
599 653
613 641
613 643
617 641
619 641
631 631
617 647
619 647
607 661
617 653
631 641
631 643
617 659
631 647
619 661
641 641
641 643
643 643
641 647
643 647
631 661
647 647
643 653
607 691
647 653
643 659
643 661
653 653
647 661
619 691
653 659
653 661
643 673
659 659
659 661
661 661
647 677
653 673
619 709
653 677
659 673
661 673
659 677
661 677
631 709
659 683
661 683
673 673
647 701
673 677
661 691
677 677
673 683
631 727
677 683
661 701
673 691
683 683
677 691
661 709
653 719
683 691
643 733
677 701
661 719
691 691
683 701
677 709
661 727
647 743
691 701
661 733
677 719
659 739
691 709
701 701
677 727
673 733
647 761
701 709
673 739
653 761
683 733
709 709
701 719
683 739
691 733
683 743
709 719
691 739
659 773
701 733
709 727
719 719
701 739
709 733
701 743
719 727
709 739
677 773
719 733
727 727
683 773
719 739
727 733
719 743
691 773
733 733
659 809
727 743
733 739
701 773
733 743
739 739
719 761
739 743
733 751
743 743
727 761
739 751
719 773
743 751
739 757
701 797
743 757
751 751
743 761
733 773
751 757
701 809
751 761
757 757
743 773
757 761
751 769
761 761
751 773
757 769
719 809
761 769
709 823
761 773
739 797
769 769
743 797
769 773
757 787
773 773
761 787
739 811
743 809
757 797
769 787
761 797
773 787
751 811
743 821
769 797
757 811
773 797
761 811
787 787
719 857
769 809
769 811
773 809
787 797
757 829
761 827
769 821
769 823
797 797
787 809
787 811
773 827
773 829
751 853
797 809
797 811
787 823
773 839
787 827
787 829
809 809
809 811
811 811
797 827
797 829
769 859
809 821
811 821
811 823
809 827
811 827
811 829
821 821
821 823
823 823
821 827
823 827
823 829
827 827
827 829
829 829
821 839
823 839
811 853
827 839
829 839
811 859
809 863
821 853
823 853
839 839
827 853
829 853
827 857
829 857
829 859
827 863
839 853
811 883
839 857
839 859
823 877
839 863
827 877
853 853
827 881
853 857
853 859
857 857
857 859
859 859
857 863
859 863
787 937
863 863
821 907
853 877
821 911
857 877
859 877
857 881
863 877
859 883
863 881
863 883
829 919
863 887
823 929
877 877
827 929
877 881
877 883
881 881
881 883
883 883
881 887
883 887
853 919
887 887
857 919
859 919
839 941
863 919
877 907
857 929
881 907
883 907
881 911
887 907
877 919
887 911
881 919
883 919
863 941
887 919
811 997
881 929
883 929
907 907
887 929
907 911
883 937
911 911
887 937
907 919
887 941
911 919
823 1009
887 947
907 929
919 919
911 929
859 983
907 937
863 983
919 929
883 967
911 941
907 947
919 937
929 929
919 941
853 1009
911 953
929 937
877 991
929 941
919 953
937 937
929 947
937 941
883 997
941 941
937 947
919 967
941 947
937 953
883 1009
947 947
929 967
907 991
947 953
919 983
937 967
953 953
941 967
919 991
941 971
947 967
919 997
947 971
953 967
883 1039
953 971
929 997
937 991
953 977
941 991
967 967
953 983
967 971
919 1021
971 971
967 977
937 1009
971 977
967 983
919 1033
977 977
947 1009
967 991
977 983
971 991
967 997
983 983
977 991
937 1033
953 1019
983 991
967 1009
947 1031
983 997
991 991
971 1013
977 1009
991 997
977 1013
983 1009
997 997
983 1013
977 1021
991 1009
983 1019
991 1013
997 1009
977 1031
997 1013
991 1021
983 1031
997 1019
1009 1009
971 1049
1009 1013
991 1033
1013 1013
1009 1019
1009 1021
1013 1019
1013 1021
997 1039
1019 1019
1019 1021
1021 1021
1013 1031
1013 1033
1009 1039
1019 1031
1021 1031
1021 1033
953 1103
1019 1039
1021 1039
1031 1031
1031 1033
1033 1033
1019 1049
1031 1039
1033 1039
1013 1061
1013 1063
1039 1039
1031 1049
1033 1049
1033 1051
983 1103
1039 1049
1039 1051
1031 1061
1033 1061
1033 1063
1049 1049
1049 1051
1051 1051
1013 1091
1019 1087
1039 1069
1049 1061
1051 1061
1051 1063
1019 1097
1049 1069
1051 1069
1061 1061
1061 1063
1063 1063
1031 1097
1061 1069
1063 1069
1031 1103
1049 1087
1069 1069
1049 1091
1051 1091
1051 1093
1049 1097
1061 1087
1063 1087
1061 1091
1063 1091
1069 1087
1061 1097
1069 1091
1069 1093
1061 1103
1069 1097
1051 1117
1061 1109
1069 1103
1087 1087
1013 1163
1087 1091
1087 1093
1091 1091
1091 1093
1093 1093
1091 1097
1093 1097
1069 1123
1097 1097
1093 1103
1069 1129
1097 1103
1093 1109
1087 1117
1103 1103
1091 1117
1093 1117
1103 1109
1097 1117
1093 1123
1109 1109
1103 1117
1093 1129
1061 1163
1109 1117
997 1231
1049 1181
1109 1123
1117 1117
1049 1187
1109 1129
1117 1123
1091 1151
1093 1151
1123 1123
1097 1151
1097 1153
1123 1129
1103 1151
1103 1153
1129 1129
1109 1151
1109 1153
1093 1171
1103 1163
1117 1151
1117 1153
1109 1163
1123 1151
1123 1153
1097 1181
1129 1151
1129 1153
1103 1181
1123 1163
1117 1171
1109 1181
1129 1163
1123 1171
1109 1187
1117 1181
1129 1171
1151 1151
1151 1153
1153 1153
1091 1217
1129 1181
1063 1249
1151 1163
1153 1163
1117 1201
1103 1217
1151 1171
1153 1171
1163 1163
1097 1231
1129 1201
1151 1181
1163 1171
1123 1213
1151 1187
1153 1187
1171 1171
1163 1181
1153 1193
1117 1231
1163 1187
1171 1181
1153 1201
1163 1193
1171 1187
1129 1231
1181 1181
1171 1193
1153 1213
1181 1187
1153 1217
1171 1201
1187 1187
1163 1213
1129 1249
1187 1193
1181 1201
1171 1213
1193 1193
1187 1201
1153 1237
1163 1229
1193 1201
1117 1279
1181 1217
1187 1213
1201 1201
1187 1217
1193 1213
1171 1237
1193 1217
1181 1231
1201 1213
1193 1223
1201 1217
1171 1249
1193 1229
1201 1223
1213 1213
1151 1277
1213 1217
1201 1231
1217 1217
1213 1223
1201 1237
1217 1223
1213 1229
1213 1231
1223 1223
1217 1231
1213 1237
1223 1229
1223 1231
1153 1303
1229 1229
1229 1231
1231 1231
1187 1277
1229 1237
1231 1237
1193 1277
1223 1249
1237 1237
1217 1259
1229 1249
1231 1249
1223 1259
1201 1283
1237 1249
1229 1259
1231 1259
1213 1279
1217 1277
1237 1259
1249 1249
1223 1277
1223 1279
1213 1291
1229 1277
1249 1259
1231 1279
1229 1283
1237 1277
1237 1279
1259 1259
1237 1283
1231 1291
1223 1301
1249 1277
1249 1279
1229 1301
1249 1283
1237 1297
1259 1277
1259 1279
1249 1291
1259 1283
1237 1307
1249 1297
1259 1289
1259 1291
1249 1303
1277 1277
1277 1279
1279 1279
1277 1283
1279 1283
1237 1327
1283 1283
1279 1289
1279 1291
1283 1289
1283 1291
1279 1297
1289 1289
1289 1291
1291 1291
1283 1301
1289 1297
1291 1297
1289 1301
1291 1301
1297 1297
1289 1307
1297 1301
1297 1303
1301 1301
1301 1303
1303 1303
1301 1307
1303 1307
1291 1321
1307 1307
1297 1319
1297 1321
1301 1319
1303 1319
1303 1321
1307 1319
1307 1321
1303 1327
1259 1373
1307 1327
1237 1399
1319 1319
1319 1321
1321 1321
1283 1361
1319 1327
1321 1327
1289 1361
1291 1361
1327 1327
1289 1367
1297 1361
1279 1381
1301 1361
1303 1361
1237 1429
1307 1361
1303 1367
1291 1381
1307 1367
1303 1373
1297 1381
1319 1361
1321 1361
1303 1381
1319 1367
1327 1361
1291 1399
1319 1373
1327 1367
1297 1399
1289 1409
1327 1373
1321 1381
1277 1427
1307 1399
1327 1381
1301 1409
1303 1409
1291 1423
1307 1409
1319 1399
1321 1399
1361 1361
1301 1423
1327 1399
1361 1367
1321 1409
1303 1429
1367 1367
1327 1409
1291 1447
1367 1373
1361 1381
1321 1423
1373 1373
1367 1381
1327 1423
1319 1433
1373 1381
1327 1429
1319 1439
1361 1399
1381 1381
1283 1481
1367 1399
1321 1447
1361 1409
1373 1399
1327 1447
1367 1409
1327 1451
1381 1399
1373 1409
1361 1423
1327 1459
1361 1427
1381 1409
1321 1471
1367 1427
1373 1423
1399 1399
1373 1427
1373 1429
1381 1423
1373 1433
1399 1409
1381 1429
1373 1439
1381 1433
1327 1489
1409 1409
1381 1439
1399 1423
1373 1451
1399 1427
1399 1429
1319 1511
1409 1423
1381 1453
1409 1427
1409 1429
1381 1459
1409 1433
1373 1471
1423 1423
1409 1439
1423 1427
1423 1429
1427 1427
1427 1429
1429 1429
1427 1433
1429 1433
1381 1483
1433 1433
1429 1439
1423 1447
1433 1439
1427 1447
1429 1447
1439 1439
1433 1447
1429 1453
1433 1451
1439 1447
1429 1459
1439 1451
1439 1453
1447 1447
1409 1487
1447 1451
1447 1453
1451 1451
1451 1453
1453 1453
1427 1481
1451 1459
1453 1459
1433 1481
1433 1483
1459 1459
1439 1481
1451 1471
1453 1471
1439 1487
1447 1481
1459 1471
1451 1481
1453 1481
1453 1483
1451 1487
1459 1481
1471 1471
1451 1493
1459 1487
1459 1489
1451 1499
1471 1481
1471 1483
1433 1523
1471 1487
1471 1489
1481 1481
1481 1483
1483 1483
1481 1487
1483 1487
1483 1489
1487 1487
1487 1489
1489 1489
1487 1493
1489 1493
1453 1531
1493 1493
1489 1499
1459 1531
1493 1499
1483 1511
1453 1543
1499 1499
1489 1511
1471 1531
1493 1511
1483 1523
1459 1549
1499 1511
1489 1523
1483 1531
1493 1523
1487 1531
1489 1531
1511 1511
1493 1531
1483 1543
1427 1601
1499 1531
1489 1543
1511 1523
1493 1543
1489 1549
1487 1553
1511 1531
1447 1597
1523 1523
1499 1549
1483 1567
1499 1553
1523 1531
1489 1567
1499 1559
1511 1549
1531 1531
1511 1553
1523 1543
1489 1579
1511 1559
1523 1549
1531 1543
1523 1553
1511 1567
1531 1549
1523 1559
1531 1553
1543 1543
1487 1601
1531 1559
1543 1549
1523 1571
1543 1553
1549 1549
1499 1601
1549 1553
1483 1621
1553 1553
1549 1559
1543 1567
1553 1559
1543 1571
1549 1567
1559 1559
1553 1567
1543 1579
1553 1571
1559 1567
1549 1579
1559 1571
1553 1579
1567 1567
1553 1583
1567 1571
1543 1597
1571 1571
1543 1601
1567 1579
1511 1637
1571 1579
1543 1609
1571 1583
1559 1597
1579 1579
1559 1601
1579 1583
1567 1597
1583 1583
1571 1597
1549 1621
1571 1601
1567 1607
1579 1597
1571 1607
1583 1597
1489 1693
1583 1601
1579 1607
1579 1609
1583 1607
1583 1609
1597 1597
1583 1613
1597 1601
1579 1621
1601 1601
1597 1607
1597 1609
1601 1607
1601 1609
1549 1663
1607 1607
1607 1609
1609 1609
1607 1613
1609 1613
1597 1627
1613 1613
1609 1619
1609 1621
1613 1619
1613 1621
1609 1627
1619 1619
1619 1621
1621 1621
1607 1637
1619 1627
1621 1627
1613 1637
1583 1669
1627 1627
1619 1637
1621 1637
1597 1663
1553 1709
1627 1637
1609 1657
1601 1667
1613 1657
1609 1663
1637 1637
1619 1657
1621 1657
1613 1667
1619 1663
1627 1657
1619 1667
1621 1667
1627 1663
1583 1709
1637 1657
1627 1669
1601 1697
1637 1663
1609 1693
1637 1667
1637 1669
1609 1699
1613 1697
1619 1693
1657 1657
1619 1697
1621 1697
1657 1663
1613 1709
1657 1667
1663 1663
1619 1709
1663 1667
1663 1669
1667 1667
1667 1669
1669 1669
1619 1721
1621 1721
1621 1723
1637 1709
1627 1721
1657 1693
1619 1733
1657 1697
1663 1693
1637 1721
1667 1693
1669 1693
1667 1697
1669 1697
1669 1699
1637 1733
1663 1709
1627 1747
1667 1709
1669 1709
1657 1723
1571 1811
1663 1721
1693 1693
1667 1721
1693 1697
1693 1699
1697 1697
1697 1699
1699 1699
1667 1733
1693 1709
1663 1741
1697 1709
1699 1709
1669 1741
1601 1811
1693 1721
1693 1723
1709 1709
1699 1721
1699 1723
1637 1787
1693 1733
1669 1759
1709 1721
1709 1723
1693 1741
1613 1823
1697 1741
1699 1741
1721 1721
1721 1723
1723 1723
1637 1811
1709 1741
1699 1753
1721 1733
1723 1733
1699 1759
1637 1823
1721 1741
1723 1741
1733 1733
1721 1747
1723 1747
1601 1871
1733 1741
1723 1753
1667 1811
1733 1747
1741 1741
1697 1787
1733 1753
1741 1747
1667 1823
1733 1759
1747 1747
1709 1787
1721 1777
1747 1753
1613 1889
1721 1783
1753 1753
1721 1787
1733 1777
1753 1759
1667 1847
1733 1783
1759 1759
1733 1787
1733 1789
1747 1777
1637 1889
1741 1787
1753 1777
1721 1811
1747 1787
1759 1777
1667 1871
1753 1787
1759 1783
1733 1811
1759 1787
1759 1789
1637 1913
1741 1811
1777 1777
1733 1823
1747 1811
1777 1783
1613 1949
1777 1787
1783 1783
1721 1847
1783 1787
1783 1789
1787 1787
1787 1789
1789 1789
1733 1847
1759 1823
1783 1801
1709 1877
1787 1801
1789 1801
1721 1871
1783 1811
1723 1873
1787 1811
1789 1811
1801 1801
1733 1871
1783 1823
1777 1831
1787 1823
1801 1811
1783 1831
1709 1907
1787 1831
1789 1831
1811 1811
1801 1823
1759 1867
1721 1907
1783 1847
1801 1831
1811 1823
1789 1847
1777 1861
1733 1907
1811 1831
1783 1861
1823 1823
1801 1847
1789 1861
1721 1931
1823 1831
1789 1867
1811 1847
1789 1871
1831 1831
1787 1877
1789 1877
1801 1867
1823 1847
1811 1861
1801 1873
1787 1889
1831 1847
1801 1879
1811 1871
1823 1861
1753 1933
1811 1877
1823 1867
1831 1861
1847 1847
1823 1873
1831 1867
1823 1877
1831 1871
1831 1873
1733 1973
1847 1861
1831 1879
1823 1889
1847 1867
1783 1933
1847 1871
1847 1873
1861 1861
1847 1877
1847 1879
1861 1867
1823 1907
1861 1871
1867 1867
1847 1889
1867 1871
1867 1873
1871 1871
1871 1873
1873 1873
1871 1877
1873 1877
1873 1879
1877 1877
1877 1879
1879 1879
1871 1889
1873 1889
1831 1933
1877 1889
1879 1889
1783 1987
1871 1901
1873 1901
1789 1987
1889 1889
1879 1901
1831 1951
1877 1907
1879 1907
1801 1987
1889 1901
1879 1913
1861 1933
1889 1907
1867 1931
1867 1933
1901 1901
1873 1931
1873 1933
1901 1907
1879 1931
1879 1933
1907 1907
1867 1949
1867 1951
1907 1913
1889 1933
1873 1951
1913 1913
1879 1949
1879 1951
1901 1931
1901 1933
1783 2053
1907 1931
1907 1933
1831 2011
1913 1931
1913 1933
1861 1987
1901 1949
1901 1951
1867 1987
1907 1949
1907 1951
1873 1987
1931 1931
1931 1933
1933 1933
1889 1979
1877 1993
1879 1993
1901 1973
1889 1987
1879 1999
1931 1949
1933 1949
1933 1951
1913 1973
1901 1987
1879 2011
1913 1979
1907 1987
1879 2017
1949 1949
1949 1951
1951 1951
1931 1973
1933 1973
1879 2029
1931 1979
1933 1979
1861 2053
1913 2003
1931 1987
1933 1987
1949 1973
1951 1973
1933 1993
1949 1979
1951 1979
1933 1999
1931 2003
1949 1987
1951 1987
1913 2027
1949 1993
1951 1993
1973 1973
1951 1997
1951 1999
1973 1979
1951 2003
1873 2083
1979 1979
1973 1987
1951 2011
1901 2063
1979 1987
1951 2017
1973 1997
1979 1993
1987 1987
1979 1997
1979 1999
1987 1993
1979 2003
1987 1997
1993 1993
1949 2039
1993 1997
1993 1999
1997 1997
1997 1999
1999 1999
1997 2003
1999 2003
1993 2011
2003 2003
1997 2011
1999 2011
1973 2039
2003 2011
1999 2017
1979 2039
2003 2017
2011 2011
1997 2027
1999 2027
2011 2017
2003 2027
2003 2029
2017 2017
1997 2039
2011 2027
2011 2029
2003 2039
2017 2027
2017 2029
1979 2069
2011 2039
1999 2053
2027 2027
2027 2029
2029 2029
1997 2063
1999 2063
2011 2053
2027 2039
2029 2039
2017 2053
2003 2069
2011 2063
1993 2083
2039 2039
2027 2053
2029 2053
2003 2081
2017 2069
1999 2089
2027 2063
2039 2053
2011 2083
2027 2069
2029 2069
2017 2083
2039 2063
2017 2087
2053 2053
2039 2069
2029 2081
2029 2083
2027 2087
2053 2063
2029 2089
2039 2081
2053 2069
2011 2113
2063 2063
2039 2089
2017 2113
2063 2069
2053 2081
2053 2083
2069 2069
2053 2087
2053 2089
2063 2081
2063 2083
2017 2131
2069 2081
2069 2083
2017 2137
2069 2087
2069 2089
2029 2131
2081 2081
2081 2083
2083 2083
2081 2087
2083 2087
2083 2089
2087 2087
2087 2089
2089 2089
2081 2099
2083 2099
2053 2131
2087 2099
2089 2099
2053 2137
2081 2111
2083 2111
2083 2113
2099 2099
2089 2111
2089 2113
2063 2141
2069 2137
2029 2179
2099 2111
2099 2113
2083 2131
2087 2129
2089 2129
2089 2131
2111 2111
2111 2113
2113 2113
2099 2129
2099 2131
2089 2143
2081 2153
2099 2137
2017 2221
2111 2129
2113 2129
2113 2131
2039 2207
2111 2137
2113 2137
2111 2141
2113 2141
2113 2143
2129 2129
2129 2131
2131 2131
2111 2153
2129 2137
2131 2137
2129 2141
2131 2141
2137 2137
2069 2207
2137 2141
2137 2143
2141 2141
2141 2143
2143 2143
2081 2207
2137 2153
2131 2161
2141 2153
2143 2153
2137 2161
2087 2213
2141 2161
2143 2161
2153 2153
2129 2179
2131 2179
2099 2213
2153 2161
2137 2179
2111 2207
2141 2179
2161 2161
2111 2213
2113 2213
2089 2239
2087 2243
2153 2179
2131 2203
2129 2207
2131 2207
2161 2179
2129 2213
2141 2203
2143 2203
2141 2207
2143 2207
2131 2221
2141 2213
2153 2203
2179 2179
2153 2207
2141 2221
2161 2203
2153 2213
2161 2207
2131 2239
2129 2243
2161 2213
2137 2239
2141 2237
2143 2237
2179 2203
2141 2243
2179 2207
2137 2251
2153 2237
2179 2213
2143 2251
2153 2243
2161 2237
2179 2221
2129 2273
2161 2243
2203 2203
2141 2267
2203 2207
2161 2251
2207 2207
2203 2213
2179 2239
2207 2213
2179 2243
2203 2221
2213 2213
2207 2221
2179 2251
2099 2333
2213 2221
2143 2293
2141 2297
2203 2237
2221 2221
2207 2237
2207 2239
2179 2269
2213 2237
2213 2239
2203 2251
2213 2243
2221 2237
2221 2239
2153 2309
2221 2243
2179 2287
2129 2339
2203 2267
2221 2251
2237 2237
2237 2239
2239 2239
2237 2243
2239 2243
2203 2281
2243 2243
2237 2251
2239 2251
2153 2339
2243 2251
2203 2293
2141 2357
2213 2287
2251 2251
2237 2267
2239 2267
2239 2269
2243 2267
2243 2269
2221 2293
2243 2273
2251 2267
2251 2269
2213 2309
2251 2273
2239 2287
2129 2399
2243 2287
2251 2281
2267 2267
2267 2269
2269 2269
2267 2273
2269 2273
2251 2293
2273 2273
2267 2281
2269 2281
2243 2309
2273 2281
2269 2287
2207 2351
2273 2287
2281 2281
2267 2297
2273 2293
2281 2287
2273 2297
2239 2333
2287 2287
2267 2309
2281 2297
2287 2293
2273 2309
2287 2297
2293 2293
2237 2351
2293 2297
2281 2311
2297 2297
2287 2309
2287 2311
2267 2333
2293 2309
2293 2311
2297 2309
2297 2311
2269 2341
2273 2339
2281 2333
2269 2347
2309 2309
2309 2311
2311 2311
2273 2351
2293 2333
2287 2341
2297 2333
2293 2339
2293 2341
2297 2339
2297 2341
2293 2347
2309 2333
2311 2333
2269 2377
2309 2339
2311 2339
2311 2341
2297 2357
2309 2347
2311 2347
2309 2351
2311 2351
2293 2371
2333 2333
2311 2357
2293 2377
2333 2339
2333 2341
2293 2383
2339 2339
2339 2341
2341 2341
2333 2351
2339 2347
2341 2347
2339 2351
2341 2351
2347 2347
2339 2357
2347 2351
2311 2389
2351 2351
2347 2357
2269 2437
2351 2357
2339 2371
2341 2371
2357 2357
2339 2377
2347 2371
2339 2381
2351 2371
2347 2377
2333 2393
2357 2371
2347 2383
2351 2381
2357 2377
2347 2389
2357 2381
2357 2383
2371 2371
2351 2393
2357 2389
2371 2377
2357 2393
2371 2381
2377 2377
2357 2399
2377 2381
2377 2383
2381 2381
2381 2383
2383 2383
2357 2411
2381 2389
2383 2389
2381 2393
2383 2393
2389 2389
2381 2399
2389 2393
2347 2437
2393 2393
2389 2399
2287 2503
2393 2399
2383 2411
2293 2503
2399 2399
2389 2411
2281 2521
2393 2411
2389 2417
2371 2437
2399 2411
2389 2423
2377 2437
2399 2417
2381 2437
2383 2437
2411 2411
2383 2441
2389 2437
2411 2417
2393 2437
2311 2521
2417 2417
2399 2437
2371 2467
2417 2423
2383 2459
2377 2467
2423 2423
2411 2437
2383 2467
2411 2441
2417 2437
2389 2467
2417 2441
2423 2437
2389 2473
2423 2441
2399 2467
2347 2521
2423 2447
2399 2473
2437 2437
2417 2459
2437 2441
2377 2503
2441 2441
2437 2447
2383 2503
2441 2447
2423 2467
2389 2503
2447 2447
2437 2459
2377 2521
2441 2459
2399 2503
2437 2467
2447 2459
2441 2467
2437 2473
2381 2531
2447 2467
2377 2539
2459 2459
2447 2473
2383 2539
2447 2477
2459 2467
2389 2539
2399 2531
2459 2473
2467 2467
2459 2477
2417 2521
2467 2473
2411 2531
2467 2477
2473 2473
2417 2531
2473 2477
2293 2659
2477 2477
2417 2539
2437 2521
2417 2543
2459 2503
2371 2593
2423 2543
2447 2521
2467 2503
2441 2531
2423 2551
2473 2503
2447 2531
2477 2503
2389 2593
2441 2543
2447 2539
2467 2521
2459 2531
2441 2551
2473 2521
2447 2549
2477 2521
2383 2617
2459 2543
2473 2531
2503 2503
2477 2531
2467 2543
2473 2539
2423 2591
2477 2539
2467 2551
2477 2543
2473 2549
2503 2521
2477 2549
2477 2551
2473 2557
2441 2591
2503 2531
2389 2647
2459 2579
2447 2593
2521 2521
2423 2621
2503 2543
2389 2659
2459 2591
2521 2531
2503 2551
2477 2579
2467 2591
2521 2539
2531 2531
2521 2543
2473 2593
2477 2591
2531 2539
2521 2551
2531 2543
2467 2609
2539 2539
2531 2549
2539 2543
2467 2617
2543 2543
2539 2549
2539 2551
2543 2549
2543 2551
2539 2557
2549 2549
2549 2551
2551 2551
2447 2657
2549 2557
2551 2557
2531 2579
2521 2591
2557 2557
2459 2657
2539 2579
2503 2617
2543 2579
2531 2593
2467 2659
2549 2579
2551 2579
2539 2593
2543 2591
2557 2579
2521 2617
2549 2591
2551 2591
2551 2593
2459 2687
2557 2591
2557 2593
2543 2609
2521 2633
2539 2617
2579 2579
2551 2609
2503 2659
2543 2621
2557 2609
2551 2617
2579 2591
2579 2593
2557 2617
2543 2633
2557 2621
2521 2659
2591 2591
2591 2593
2593 2593
2579 2609
2557 2633
2521 2671
2531 2663
2579 2617
2551 2647
2591 2609
2593 2609
2557 2647
2549 2657
2591 2617
2593 2617
2591 2621
2593 2621
2557 2659
2609 2609
2557 2663
2551 2671
2591 2633
2609 2617
2557 2671
2609 2621
2549 2683
2617 2617
2579 2657
2617 2621
2593 2647
2621 2621
2557 2687
2557 2689
2591 2657
2617 2633
2593 2659
2621 2633
2609 2647
2551 2707
2549 2711
2591 2671
2617 2647
2633 2633
2621 2647
2593 2677
2609 2663
2617 2657
2617 2659
2621 2657
2633 2647
2593 2689
2621 2663
2609 2677
2617 2671
2633 2657
2633 2659
2647 2647
2633 2663
2621 2677
2617 2683
2609 2693
2647 2657
2647 2659
2621 2687
2647 2663
2593 2719
2657 2657
2657 2659
2659 2659
2657 2663
2659 2663
2647 2677
2663 2663
2657 2671
2659 2671
2633 2699
2663 2671
2659 2677
2609 2729
2663 2677
2671 2671
2657 2687
2663 2683
2671 2677
2663 2687
2663 2689
2677 2677
2663 2693
2671 2687
2677 2683
2663 2699
2677 2687
2683 2683
2657 2711
2683 2687
2683 2689
2687 2687
2687 2689
2689 2689
2687 2693
2689 2693
2677 2707
2693 2693
2689 2699
2683 2707
2693 2699
2687 2707
2689 2707
2699 2699
2693 2707
2689 2713
2693 2711
2699 2707
2689 2719
2699 2711
2699 2713
2707 2707
2687 2729
2707 2711
2707 2713
2711 2711
2711 2713
2713 2713
2699 2729
2711 2719
2713 2719
2693 2741
2707 2729
2719 2719
2711 2729
2713 2729
2713 2731
2693 2753
2719 2729
2719 2731
2711 2741
2713 2741
2707 2749
2729 2729
2729 2731
2731 2731
2711 2753
2713 2753
2719 2749
2729 2741
2731 2741
2707 2767
2699 2777
2729 2749
2731 2749
2741 2741
2731 2753
2719 2767
2711 2777
2741 2749
2689 2803
2741 2753
2729 2767
2749 2749
2711 2789
2749 2753
2713 2791
2753 2753
2741 2767
2719 2791
2711 2801
2713 2801
2749 2767
2741 2777
2753 2767
2731 2791
2687 2837
2749 2777
2731 2797
2753 2777
2741 2791
2767 2767
2699 2837
2749 2789
2749 2791
2753 2789
2767 2777
2749 2797
2729 2819
2753 2797
2749 2803
2777 2777
2767 2789
2767 2791
2741 2819
2729 2833
2767 2797
2777 2789
2777 2791
2767 2803
2753 2819
2777 2797
2719 2857
2789 2789
2789 2791
2791 2791
2741 2843
2789 2797
2791 2797
2789 2801
2791 2801
2797 2797
2777 2819
2797 2801
2797 2803
2801 2801
2801 2803
2803 2803
2789 2819
2791 2819
2659 2953
2777 2837
2797 2819
2767 2851
2801 2819
2803 2819
2791 2833
2789 2837
2791 2837
2797 2833
2789 2843
2801 2833
2803 2833
2819 2819
2803 2837
2791 2851
2801 2843
2803 2843
2797 2851
2789 2861
2819 2833
2803 2851
2819 2837
2801 2857
2803 2857
2819 2843
2803 2861
2833 2833
2789 2879
2833 2837
2719 2953
2837 2837
2833 2843
2791 2887
2837 2843
2803 2879
2833 2851
2843 2843
2837 2851
2833 2857
2789 2903
2843 2851
2677 3019
2837 2861
2843 2857
2851 2851
2843 2861
2819 2887
2851 2857
2801 2909
2851 2861
2857 2857
2837 2879
2857 2861
2833 2887
2861 2861
2837 2887
2707 3019
2819 2909
2851 2879
2731 3001
2837 2897
2857 2879
2851 2887
2861 2879
2833 2909
2857 2887
2843 2903
2861 2887
2833 2917
2843 2909
2857 2897
2803 2953
2879 2879
2857 2903
2791 2971
2861 2903
2879 2887
2851 2917
2861 2909
2833 2939
2887 2887
2879 2897
2861 2917
2731 3049
2879 2903
2887 2897
2833 2953
2879 2909
2887 2903
2791 3001
2897 2897
2887 2909
2797 3001
2897 2903
2833 2969
2887 2917
2903 2903
2851 2957
2857 2953
2903 2909
2897 2917
2797 3019
2909 2909
2903 2917
2851 2971
2897 2927
2909 2917
2857 2971
2903 2927
2879 2953
2917 2917
2909 2927
2837 3001
2887 2953
2903 2939
2917 2927
2797 3049
2909 2939
2897 2953
2851 3001
2927 2927
2917 2939
2887 2971
2903 2957
2909 2953
2803 3061
2927 2939
2897 2971
2917 2953
2909 2963
2917 2957
2857 3019
2939 2939
2927 2953
2833 3049
2927 2957
2917 2969
2917 2971
2927 2963
2939 2953
2857 3037
2939 2957
2927 2971
2851 3049
2939 2963
2903 3001
2953 2953
2939 2969
2953 2957
2851 3061
2957 2957
2953 2963
2917 3001
2957 2963
2953 2969
2953 2971
2963 2963
2957 2971
2851 3079
2963 2969
2963 2971
2917 3019
2969 2969
2969 2971
2971 2971
2903 3041
2927 3019
2887 3061
2939 3011
2953 2999
2953 3001
2957 2999
2957 3001
2851 3109
2963 2999
2963 3001
2917 3049
2969 2999
2971 2999
2971 3001
2963 3011
2957 3019
2917 3061
2969 3011
2971 3011
2917 3067
2963 3023
2969 3019
2971 3019
2969 3023
2971 3023
2917 3079
2999 2999
2999 3001
3001 3001
2963 3041
2969 3037
2971 3037
2999 3011
3001 3011
2953 3061
2927 3089
2999 3019
3001 3019
3011 3011
3001 3023
2917 3109
2939 3089
3011 3019
2971 3061
3011 3023
2999 3037
3019 3019
2999 3041
3019 3023
2857 3187
3023 3023
3011 3037
3001 3049
3011 3041
2971 3083
3019 3037
2969 3089
3023 3037
3001 3061
3023 3041
2999 3067
3019 3049
2903 3167
3023 3049
3037 3037
2957 3119
3037 3041
3019 3061
3041 3041
3023 3061
3037 3049
2999 3089
3041 3049
2971 3121
3011 3083
2927 3169
3049 3049
3011 3089
3041 3061
3037 3067
3023 3083
3041 3067
3049 3061
3023 3089
2927 3187
3049 3067
2999 3119
3041 3079
3061 3061
3041 3083
3037 3089
3061 3067
3041 3089
3049 3083
3067 3067
2999 3137
3049 3089
3061 3079
3023 3119
3061 3083
3067 3079
3011 3137
3067 3083
2971 3181
2963 3191
3067 3089
3079 3079
3041 3119
3079 3083
3001 3163
3083 3083
3079 3089
3061 3109
3083 3089
3037 3137
3067 3109
3089 3089
3061 3119
3061 3121
2963 3221
3067 3119
3079 3109
3023 3167
3083 3109
2887 3307
2939 3257
3089 3109
3079 3121
3083 3119
3083 3121
3037 3169
3089 3119
3089 3121
3049 3163
3023 3191
3079 3137
3109 3109
3083 3137
3041 3181
3061 3163
3089 3137
3109 3119
3109 3121
3041 3191
3067 3167
3067 3169
3119 3119
3119 3121
3121 3121
3041 3203
3109 3137
3079 3169
3083 3167
3089 3163
3067 3187
3119 3137
3121 3137
3079 3181
3041 3221
3083 3181
3079 3187
3011 3257
3089 3181
3109 3163
3137 3137
3109 3167
3109 3169
3089 3191
3119 3163
3121 3163
3119 3167
3121 3167
3121 3169
3089 3203
3041 3253
3109 3187
3089 3209
3137 3163
3121 3181
3137 3167
3137 3169
3121 3187
3119 3191
3121 3191
3061 3253
2969 3347
3137 3181
3067 3253
3119 3203
3137 3187
3163 3163
3137 3191
3163 3167
3163 3169
3167 3167
3167 3169
3169 3169
3137 3203
3121 3221
3163 3181
3137 3209
3167 3181
3169 3181
3023 3329
3167 3187
3169 3187
3167 3191
3169 3191
3181 3181
3041 3323
3163 3203
3181 3187
3167 3203
3181 3191
3187 3187
3167 3209
3187 3191
3163 3217
3191 3191
3181 3203
3169 3217
3167 3221
3187 3203
3163 3229
3191 3203
3187 3209
3181 3217
3191 3209
3181 3221
3187 3217
3203 3203
3191 3217
3181 3229
3203 3209
3163 3251
3187 3229
3209 3209
3203 3217
3169 3253
3203 3221
3209 3217
3169 3259
3209 3221
3203 3229
3217 3217
3137 3299
3217 3221
3187 3253
3221 3221
3191 3253
3217 3229
3191 3257
3221 3229
3181 3271
3203 3251
3203 3253
3229 3229
3209 3251
3209 3253
3163 3301
3209 3257
3217 3251
3217 3253
3221 3251
3221 3253
3217 3259
3221 3257
3229 3251
3229 3253
3137 3347
3229 3257
3229 3259
3191 3299
3221 3271
3187 3307
3167 3329
3191 3307
3229 3271
3251 3251
3251 3253
3253 3253
3251 3257
3253 3257
3253 3259
3257 3257
3257 3259
3259 3259
3221 3299
3251 3271
3253 3271
3203 3323
3257 3271
3259 3271
3209 3323
3221 3313
3229 3307
3209 3329
3221 3319
3271 3271
3221 3323
3217 3329
3229 3319
3251 3299
3253 3299
3253 3301
3257 3299
3259 3299
3259 3301
3203 3359
3257 3307
3259 3307
3221 3347
3271 3299
3271 3301
3251 3323
3257 3319
3271 3307
3257 3323
3259 3323
3271 3313
3257 3329
3259 3329
3271 3319
3221 3371
3271 3323
3253 3343
3299 3299
3299 3301
3301 3301
3257 3347
3299 3307
3301 3307
3251 3359
3299 3313
3307 3307
3257 3359
3299 3319
3307 3313
3299 3323
3301 3323
3313 3313
3299 3329
3307 3323
3313 3319
3221 3413
3313 3323
3319 3319
3251 3389
3319 3323
3313 3331
3323 3323
3319 3329
3319 3331
3323 3329
3323 3331
3313 3343
3329 3329
3329 3331
3331 3331
3257 3407
3323 3343
3307 3361
3323 3347
3329 3343
3331 3343
3329 3347
3331 3347
3319 3361
3323 3359
3323 3361
3343 3343
3329 3359
3343 3347
3331 3361
3347 3347
3323 3373
3307 3391
3329 3371
3343 3359
3343 3361
3347 3359
3347 3361
3319 3391
3323 3389
3343 3371
3343 3373
3359 3359
3359 3361
3361 3361
3257 3467
3319 3407
3271 3457
3359 3371
3361 3371
3361 3373
3347 3389
3347 3391
3307 3433
3371 3371
3371 3373
3373 3373
3359 3389
3361 3389
3361 3391
3347 3407
3343 3413
3301 3457
3371 3389
3373 3389
3373 3391
3359 3407
3361 3407
3313 3457
3359 3413
3361 3413
3343 3433
3389 3389
3389 3391
3391 3391
3371 3413
3373 3413
3331 3457
3329 3461
3359 3433
3361 3433
3389 3407
3391 3407
3343 3457
3389 3413
3391 3413
3373 3433
3359 3449
3361 3449
3343 3469
3407 3407
3359 3457
3361 3457
3407 3413
3389 3433
3391 3433
3413 3413
3371 3457
3373 3457
3371 3461
3373 3461
3373 3463
3389 3449
3407 3433
3373 3469
3251 3593
3413 3433
3391 3457
3389 3461
3391 3461
3391 3463
3407 3449
3391 3467
3391 3469
3413 3449
3407 3457
3433 3433
3407 3461
3413 3457
3373 3499
3413 3461
3413 3463
3361 3517
3413 3467
3433 3449
3373 3511
3359 3527
3389 3499
3433 3457
3359 3533
3433 3461
3433 3463
3449 3449
3433 3467
3433 3469
3413 3491
3449 3457
3391 3517
3449 3461
3449 3463
3457 3457
3449 3467
3457 3461
3457 3463
3461 3461
3461 3463
3463 3463
3461 3467
3463 3467
3463 3469
3467 3467
3467 3469
3469 3469
3449 3491
3413 3529
3433 3511
3413 3533
3457 3491
3433 3517
3461 3491
3463 3491
3457 3499
3467 3491
3469 3491
3463 3499
3407 3557
3467 3499
3469 3499
3413 3557
3461 3511
3463 3511
3449 3527
3467 3511
3469 3511
3491 3491
3467 3517
3469 3517
3461 3527
3491 3499
3463 3529
3467 3527
3469 3527
3499 3499
3467 3533
3491 3511
3463 3541
3467 3539
3491 3517
3499 3511
3389 3623
3467 3547
3499 3517
3491 3527
3491 3529
3511 3511
3491 3533
3499 3527
3511 3517
3491 3539
3499 3533
3517 3517
3413 3623
3511 3527
3511 3529
3461 3581
3517 3527
3517 3529
3491 3557
3517 3533
3511 3541
3527 3527
3527 3529
3529 3529
3527 3533
3529 3533
3517 3547
3533 3533
3529 3539
3529 3541
3533 3539
3533 3541
3529 3547
3539 3539
3539 3541
3541 3541
3527 3557
3539 3547
3541 3547
3533 3557
3533 3559
3547 3547
3539 3557
3541 3557
3541 3559
3323 3779
3547 3557
3547 3559
3527 3581
3539 3571
3541 3571
3557 3557
3557 3559
3559 3559
3539 3581
3541 3581
3541 3583
3533 3593
3557 3571
3559 3571
3539 3593
3541 3593
3529 3607
3557 3581
3559 3581
3571 3571
3527 3617
3539 3607
3541 3607
3557 3593
3571 3581
3571 3583
3539 3617
3541 3617
3547 3613
3581 3581
3581 3583
3583 3583
3491 3677
3557 3613
3559 3613
3581 3593
3583 3593
3571 3607
3557 3623
3559 3623
3571 3613
3593 3593
3581 3607
3583 3607
3533 3659
3581 3613
3583 3613
3581 3617
3593 3607
3571 3631
3581 3623
3593 3613
3571 3637
3593 3617
3581 3631
3607 3607
3593 3623
3581 3637
3607 3613
3461 3761
3607 3617
3613 3613
3557 3671
3613 3617
3559 3673
3617 3617
3613 3623
3607 3631
3617 3623
3583 3659
3613 3631
3623 3623
3617 3631
3613 3637
3593 3659
3623 3631
3613 3643
3581 3677
3623 3637
3631 3631
3593 3671
3623 3643
3631 3637
3593 3677
3613 3659
3637 3637
3617 3659
3607 3671
3637 3643
3623 3659
3613 3671
3643 3643
3617 3671
3631 3659
3583 3709
3623 3671
3637 3659
3607 3691
3623 3677
3643 3659
3631 3673
3539 3767
3637 3671
3637 3673
3593 3719
3643 3671
3643 3673
3659 3659
3643 3677
3631 3691
3623 3701
3617 3709
3637 3691
3659 3671
3659 3673
3643 3691
3659 3677
3637 3701
3643 3697
3671 3671
3671 3673
3673 3673
3671 3677
3673 3677
3643 3709
3677 3677
3659 3697
3631 3727
3659 3701
3671 3691
3673 3691
3533 3833
3677 3691
3673 3697
3671 3701
3677 3697
3643 3733
3677 3701
3671 3709
3691 3691
3623 3761
3677 3709
3691 3697
3671 3719
3691 3701
3697 3697
3677 3719
3697 3701
3691 3709
3701 3701
3677 3727
3697 3709
3557 3851
3701 3709
3673 3739
3617 3797
3697 3719
3709 3709
3701 3719
3643 3779
3697 3727
3659 3767
3709 3719
3697 3733
3671 3761
3701 3733
3709 3727
3719 3719
3701 3739
3709 3733
3677 3767
3719 3727
3709 3739
3671 3779
3719 3733
3727 3727
3677 3779
3719 3739
3727 3733
3701 3761
3697 3767
3733 3733
3701 3767
3709 3761
3733 3739
3677 3797
3709 3767
3739 3739
3719 3761
3659 3823
3691 3793
3719 3767
3727 3761
3697 3793
3671 3821
3733 3761
3727 3769
3719 3779
3739 3761
3733 3769
3701 3803
3739 3767
3739 3769
3677 3833
3733 3779
3691 3823
3719 3797
3739 3779
3727 3793
3761 3761
3727 3797
3733 3793
3761 3767
3761 3769
3739 3793
3767 3767
3767 3769
3769 3769
3761 3779
3739 3803
3697 3847
3767 3779
3769 3779
3727 3823
3719 3833
3761 3793
3733 3823
3779 3779
3767 3793
3769 3793
3767 3797
3769 3797
3691 3877
3767 3803
3779 3793
3727 3847
3779 3797
3727 3851
3733 3847
3779 3803
3761 3823
3793 3793
3767 3821
3793 3797
3769 3823
3797 3797
3793 3803
3709 3889
3797 3803
3779 3823
3727 3877
3803 3803
3761 3847
3733 3877
3779 3833
3793 3821
3793 3823
3797 3821
3797 3823
3769 3853
3803 3821
3803 3823
3739 3889
3797 3833
3779 3853
3727 3907
3803 3833
3761 3877
3793 3847
3821 3821
3821 3823
3823 3823
3797 3851
3803 3847
3733 3919
3821 3833
3823 3833
3769 3889
3797 3863
3739 3923
3733 3931
3833 3833
3821 3847
3823 3847
3821 3851
3823 3851
3823 3853
3797 3881
3833 3847
3793 3889
3833 3851
3833 3853
3769 3919
3779 3911
3803 3889
3847 3847
3833 3863
3847 3851
3847 3853
3851 3851
3851 3853
3853 3853
3797 3911
3847 3863
3823 3889
3851 3863
3853 3863
3697 4021
3803 3917
3833 3889
3847 3877
3863 3863
3851 3877
3853 3877
3851 3881
3853 3881
3847 3889
3821 3917
3863 3877
3853 3889
3863 3881
3823 3923
3727 4021
3833 3917
3863 3889
3877 3877
3833 3923
3877 3881
3853 3907
3881 3881
3853 3911
3877 3889
3851 3917
3881 3889
3853 3919
3863 3911
3853 3923
3889 3889
3863 3917
3863 3919
3877 3907
3863 3923
3881 3907
3847 3943
3881 3911
3877 3917
3889 3907
3881 3917
3889 3911
3709 4093
3881 3923
3889 3917
3889 3919
3881 3929
3889 3923
3907 3907
3803 4013
3907 3911
3889 3931
3911 3911
3907 3917
3907 3919
3911 3917
3911 3919
3889 3943
3917 3917
3917 3919
3919 3919
3917 3923
3919 3923
3877 3967
3923 3923
3919 3929
3919 3931
3923 3929
3923 3931
3889 3967
3929 3929
3929 3931
3931 3931
3917 3947
3923 3943
3847 4021
3923 3947
3929 3943
3931 3943
3929 3947
3931 3947
3877 4003
3881 4001
3917 3967
3943 3943
3881 4007
3943 3947
3889 4003
3947 3947
3929 3967
3931 3967
3911 3989
3889 4013
3877 4027
3917 3989
3919 3989
3943 3967
3923 3989
3947 3967
3889 4027
3929 3989
3931 3989
3919 4003
3923 4001
3923 4003
3907 4021
3929 4001
3943 3989
3967 3967
3947 3989
3931 4007
3919 4021
3929 4013
3943 4001
3943 4003
3947 4001
3947 4003
3931 4021
3947 4007
3967 3989
3931 4027
3947 4013
3943 4019
3943 4021
3947 4019
3967 4001
3967 4003
3923 4049
3967 4007
3919 4057
3989 3989
3967 4013
3931 4051
3911 4073
3967 4019
3967 4021
3989 4001
3989 4003
3967 4027
3989 4007
3947 4051
3943 4057
4001 4001
4001 4003
4003 4003
4001 4007
4003 4007
3919 4093
4007 4007
4003 4013
3967 4051
4007 4013
4003 4019
4003 4021
4013 4013
4007 4021
4003 4027
4013 4019
4013 4021
3943 4093
4019 4019
4019 4021
4021 4021
3917 4127
4019 4027
4021 4027
4001 4049
4003 4049
4027 4027
4007 4049
4007 4051
4003 4057
4013 4049
4013 4051
3967 4099
4019 4049
4021 4049
4021 4051
4001 4073
4027 4049
4027 4051
4007 4073
4003 4079
4027 4057
4013 4073
3989 4099
3931 4159
4019 4073
4021 4073
4003 4093
4049 4049
4049 4051
4051 4051
4013 4091
4049 4057
4051 4057
4019 4091
4021 4091
4057 4057
3989 4127
4027 4091
4027 4093
4049 4073
4051 4073
4027 4099
4049 4079
4057 4073
4021 4111
4007 4127
4057 4079
4027 4111
4049 4091
4051 4091
4051 4093
4073 4073
4057 4091
4057 4093
4073 4079
4027 4127
4057 4099
4079 4079
4049 4111
4051 4111
4073 4091
4073 4093
4057 4111
4079 4091
4079 4093
4021 4153
4049 4127
4079 4099
4051 4129
4091 4091
4091 4093
4093 4093
4049 4139
4091 4099
4093 4099
3923 4271
4057 4139
4099 4099
4073 4127
4091 4111
4093 4111
4079 4127
4079 4129
4099 4111
4079 4133
4057 4157
4057 4159
4091 4127
4093 4127
4111 4111
4091 4133
4099 4127
4099 4129
4091 4139
4099 4133
4057 4177
4079 4157
4111 4127
4111 4129
4013 4229
4111 4133
4093 4153
4091 4157
4111 4139
4099 4153
4127 4127
4127 4129
4129 4129
4127 4133
4129 4133
4111 4153
4133 4133
4129 4139
4111 4159
4133 4139
4073 4201
4099 4177
4139 4139
4127 4153
4129 4153
4127 4157
4133 4153
4129 4159
4133 4157
4139 4153
4093 4201
4139 4157
4139 4159
4099 4201
4091 4211
4127 4177
4153 4153
4091 4217
4153 4157
4153 4159
4157 4157
4157 4159
4159 4159
4091 4229
4111 4211
4093 4231
4073 4253
4127 4201
4153 4177
4091 4241
4157 4177
4159 4177
4127 4211
4139 4201
4111 4231
4133 4211
4129 4217
4129 4219
4139 4211
4133 4219
4177 4177
4139 4217
4157 4201
4159 4201
4133 4229
4153 4211
4093 4273
4157 4211
4159 4211
4153 4219
4157 4217
4159 4217
4177 4201
4139 4241
4153 4229
4153 4231
4157 4229
4177 4211
4159 4231
4139 4253
4177 4217
4177 4219
4157 4241
4159 4241
4201 4201
4133 4271
4177 4229
4177 4231
4157 4253
4201 4211
4153 4261
4157 4259
4201 4217
4201 4219
4211 4211
4153 4271
4153 4273
4211 4217
4211 4219
4201 4231
4217 4217
4217 4219
4219 4219
4211 4229
4211 4231
4201 4243
4217 4229
4219 4229
4219 4231
4211 4241
4211 4243
4159 4297
4229 4229
4229 4231
4231 4231
4211 4253
4177 4289
4129 4339
4229 4241
4231 4241
4231 4243
4217 4259
4219 4259
4219 4261
4241 4241
4241 4243
4243 4243
4229 4259
4231 4259
4231 4261
4241 4253
4243 4253
4201 4297
4241 4259
4243 4259
4243 4261
4253 4253
4219 4289
4153 4357
4253 4259
4253 4261
4243 4273
4259 4259
4259 4261
4261 4261
4253 4271
4253 4273
4231 4297
4259 4271
4261 4271
4261 4273
4253 4283
4241 4297
4243 4297
4271 4271
4271 4273
4273 4273
4259 4289
4261 4289
4129 4423
4271 4283
4273 4283
4261 4297
4271 4289
4273 4289
4201 4363
4283 4283
4271 4297
4273 4297
4283 4289
4217 4357
4219 4357
4289 4289
4283 4297
4243 4339
4211 4373
4289 4297
4261 4327
4253 4337
4253 4339
4297 4297
4259 4337
4271 4327
4273 4327
4253 4349
4241 4363
4243 4363
4271 4337
4283 4327
4273 4339
4241 4373
4289 4327
4261 4357
4283 4337
4283 4339
4297 4327
4289 4337
4289 4339
4273 4357
4283 4349
4297 4337
4297 4339
4289 4349
4283 4357
4219 4423
4271 4373
4297 4349
4201 4447
4259 4391
4289 4363
4327 4327
4283 4373
4261 4397
4297 4363
4289 4373
4327 4337
4327 4339
4271 4397
4297 4373
4231 4441
4337 4337
4337 4339
4339 4339
4289 4391
4273 4409
4327 4357
4337 4349
4339 4349
4327 4363
4283 4409
4337 4357
4339 4357
4349 4349
4337 4363
4339 4363
4283 4421
4349 4357
4261 4447
4337 4373
4349 4363
4357 4357
4259 4457
4327 4391
4357 4363
4349 4373
4327 4397
4363 4363
4337 4391
4357 4373
4219 4513
4337 4397
4363 4373
4297 4441
4349 4391
4261 4481
4297 4447
4373 4373
4357 4391
4327 4423
4289 4463
4363 4391
4273 4483
4349 4409
4363 4397
4339 4423
4373 4391
4357 4409
4327 4441
4373 4397
4363 4409
4327 4447
4283 4493
4357 4421
4357 4423
4391 4391
4363 4421
4363 4423
4391 4397
4349 4441
4273 4519
4397 4397
4373 4423
4357 4441
4391 4409
4339 4463
4363 4441
4397 4409
4357 4451
4363 4447
4391 4421
4391 4423
4297 4519
4409 4409
4397 4423
4339 4483
4373 4451
4363 4463
4261 4567
4409 4421
4409 4423
4327 4507
4373 4463
4397 4441
4357 4483
4421 4421
4421 4423
4423 4423
4397 4451
4409 4441
4339 4513
4397 4457
4409 4447
4339 4519
4409 4451
4421 4441
4423 4441
4409 4457
4421 4447
4423 4447
4421 4451
4423 4451
4363 4513
4421 4457
4423 4457
4441 4441
4421 4463
4423 4463
4441 4447
4409 4481
4441 4451
4447 4447
4373 4523
4447 4451
4339 4561
4451 4451
4447 4457
4423 4483
4451 4457
4447 4463
4363 4549
4457 4457
4423 4493
4357 4561
4457 4463
4441 4481
4441 4483
4463 4463
4447 4481
4447 4483
4451 4481
4451 4483
4423 4513
4457 4481
4457 4483
4423 4519
4463 4481
4463 4483
4441 4507
4457 4493
4391 4561
4447 4507
4463 4493
4451 4507
4447 4513
4481 4481
4481 4483
4483 4483
4451 4517
4463 4507
4423 4549
4481 4493
4483 4493
4357 4621
4463 4517
4463 4519
4423 4561
4493 4493
4481 4507
4483 4507
4409 4583
4481 4513
4483 4513
4481 4517
4493 4507
4483 4519
4481 4523
4493 4513
4447 4561
4493 4517
4493 4519
4507 4507
4493 4523
4457 4561
4507 4513
4373 4649
4507 4517
4513 4513
4481 4547
4513 4517
4513 4519
4517 4517
4517 4519
4519 4519
4517 4523
4519 4523
4483 4561
4523 4523
4481 4567
4483 4567
4409 4643
4507 4547
4507 4549
4421 4637
4513 4547
4513 4549
4517 4547
4519 4547
4519 4549
4523 4547
4523 4549
4513 4561
4493 4583
4517 4561
4519 4561
4409 4673
4523 4561
4519 4567
4451 4637
4523 4567
4441 4651
4547 4547
4547 4549
4549 4549
4517 4583
4519 4583
4513 4591
4523 4583
4547 4561
4549 4561
4463 4649
4547 4567
4549 4567
4481 4637
4523 4597
4561 4561
4481 4643
4523 4603
4561 4567
4547 4583
4549 4583
4567 4567
4493 4643
4547 4591
4549 4591
4493 4649
4561 4583
4549 4597
4457 4691
4567 4583
4561 4591
4517 4637
4519 4637
4567 4591
4523 4637
4523 4639
4567 4597
4583 4583
4547 4621
4567 4603
4523 4649
4583 4591
4519 4657
4457 4721
4583 4597
4591 4591
4547 4637
4583 4603
4591 4597
4547 4643
4549 4643
4597 4597
4547 4649
4561 4637
4597 4603
4523 4679
4583 4621
4603 4603
4517 4691
4567 4643
4591 4621
4523 4691
4567 4649
4597 4621
4583 4637
4583 4639
4603 4621
4583 4643
4591 4637
4591 4639
4583 4649
4597 4637
4597 4639
4547 4691
4603 4637
4621 4621
4523 4721
4603 4643
4597 4651
4547 4703
4603 4649
4603 4651
4583 4673
4621 4637
4621 4639
4583 4679
4621 4643
4603 4663
4547 4721
4621 4649
4621 4651
4637 4637
4637 4639
4639 4639
4637 4643
4639 4643
4621 4663
4643 4643
4639 4649
4639 4651
4643 4649
4643 4651
4639 4657
4649 4649
4649 4651
4651 4651
4583 4721
4649 4657
4651 4657
4637 4673
4649 4663
4657 4657
4643 4673
4639 4679
4657 4663
4649 4673
4651 4673
4663 4663
4649 4679
4657 4673
4603 4729
4643 4691
4663 4673
4549 4789
4649 4691
4663 4679
4621 4723
4673 4673
4657 4691
4621 4729
4673 4679
4663 4691
4597 4759
4679 4679
4657 4703
4639 4723
4673 4691
4663 4703
4639 4729
4679 4691
4651 4721
4651 4723
4673 4703
4657 4721
4657 4723
4691 4691
4663 4721
4663 4723
4637 4751
4657 4733
4663 4729
4691 4703
4673 4723
4639 4759
4679 4721
4679 4723
4621 4783
4703 4703
4679 4729
4651 4759
4691 4721
4691 4723
4657 4759
4547 4871
4691 4729
4663 4759
4703 4721
4703 4723
4639 4789
4679 4751
4703 4729
4651 4783
4703 4733
4679 4759
4657 4783
4721 4721
4721 4723
4723 4723
4649 4799
4721 4729
4723 4729
4721 4733
4723 4733
4729 4729
4673 4787
4729 4733
4663 4801
4733 4733
4679 4789
4657 4813
4721 4751
4723 4751
4663 4813
4691 4787
4729 4751
4723 4759
4733 4751
4703 4783
4729 4759
4703 4787
4733 4759
4663 4831
4703 4793
4637 4861
4639 4861
4751 4751
4721 4783
4723 4783
4721 4787
4751 4759
4729 4783
4721 4793
4733 4783
4759 4759
4733 4787
4733 4789
4723 4801
4733 4793
4729 4799
4729 4801
4733 4799
4751 4783
4723 4813
4751 4787
4751 4789
4759 4783
4751 4793
4759 4787
4759 4789
4751 4799
4759 4793
4723 4831
4679 4877
4759 4799
4759 4801
4691 4871
4751 4813
4783 4783
4751 4817
4783 4787
4783 4789
4787 4787
4787 4789
4789 4789
4787 4793
4789 4793
4783 4801
4793 4793
4789 4799
4789 4801
4793 4799
4793 4801
4783 4813
4799 4799
4799 4801
4801 4801
4787 4817
4793 4813
4657 4951
4793 4817
4799 4813
4801 4813
4799 4817
4801 4817
4789 4831
4751 4871
4793 4831
4813 4813
4751 4877
4813 4817
4801 4831
4817 4817
4759 4877
4729 4909
4751 4889
4733 4909
4813 4831
4703 4943
4817 4831
4789 4861
4733 4919
4793 4861
4723 4933
4787 4871
4799 4861
4831 4831
4793 4871
4789 4877
4759 4909
4799 4871
4801 4871
4813 4861
4799 4877
4817 4861
4729 4951
4793 4889
4813 4871
4783 4903
4817 4871
4813 4877
4831 4861
4817 4877
4793 4903
4789 4909
4733 4967
4831 4871
4801 4903
4817 4889
4831 4877
4801 4909
4793 4919
4783 4931
4813 4903
4799 4919
4831 4889
4861 4861
4793 4931
4817 4909
4759 4969
4799 4931
4861 4871
4831 4903
4817 4919
4861 4877
4831 4909
4871 4871
4813 4931
4813 4933
4871 4877
4861 4889
4801 4951
4877 4877
4813 4943
4801 4957
4871 4889
4831 4931
4861 4903
4877 4889
4831 4937
4861 4909
4799 4973
4871 4903
4789 4987
4889 4889
4877 4903
4831 4951
4817 4967
4877 4909
4831 4957
4871 4919
4889 4903
4861 4933
4877 4919
4889 4909
4831 4969
4871 4931
4871 4933
4903 4903
4889 4919
4877 4933
4903 4909
4877 4937
4817 4999
4909 4909
4889 4931
4903 4919
4831 4993
4889 4937
4909 4919
4861 4969
4889 4943
4903 4931
4903 4933
4919 4919
4909 4931
4909 4933
4877 4967
4909 4937
4861 4987
4919 4931
4919 4933
4903 4951
4919 4937
4889 4969
4909 4951
4931 4931
4931 4933
4933 4933
4931 4937
4933 4937
4903 4969
4937 4937
4933 4943
4909 4969
4937 4943
4931 4951
4933 4951
4943 4943
4937 4951
4933 4957
4919 4973
4943 4951
4909 4987
4931 4967
4943 4957
4951 4951
4937 4967
4937 4969
4951 4957
4943 4967
4943 4969
4957 4957
4943 4973
4951 4967
4951 4969
4919 5003
4957 4967
4957 4969
4919 5009
4957 4973
4933 4999
4967 4967
4967 4969
4969 4969
4967 4973
4969 4973
4957 4987
4973 4973
4937 5011
4957 4993
4943 5009
4967 4987
4969 4987
4937 5021
4973 4987
4969 4993
4943 5021
4973 4993
4969 4999
4967 5003
4973 4999
4987 4987
4973 5003
4969 5009
4987 4993
4973 5009
4973 5011
4993 4993
4967 5021
4987 5003
4993 4999
4973 5021
4993 5003
4999 4999
4919 5081
